White 1214 180 1228 179 1233 219 1218 219
White 1214 177 1226 172 1208 131 1194 137
White 1194 137 1202 127 1168 100 1160 110
White 1160 110 1163 93 1120 81 1116 95

White 976 552 984 563 1017 532 1007 523
White 1060 522 1056 509 1016 517 1018 532
White 1064 523 1070 507 1108 529 1102 542
White 1104 543 1114 535 1141 565 1127 575

White 718 468 726 456 764 480 758 494

White 627 644 668 638 670 653 628 657
White 684 643 712 676 700 685 672 652

White 428 291 438 280 469 309 456 319
White 462 321 471 313 502 341 492 351

White 368 426 372 439 416 425 408 412
White 411 411 418 425 456 403 448 388
White 449 388 460 399 493 375 485 362

White 159 723 166 728 190 699 182 693
White 185 685 196 694 221 665 212 659
White 221 653 252 633 260 642 229 663

White 622 143 633 154 664 121 650 113
White 662 119 696 93 688 79 653 109
White 692 77 698 89 736 70 729 57


Orange 1212 233 1222 245 1187 271 1180 261
Orange 1176 261 1176 275 1132 270 1134 257

Orange 995 818 994 829 1032 830 1031 819
Orange 1039 819 1042 831 1078 826 1078 815
Orange 1084 812 1092 821 1120 806 1116 795

Orange 710 549 718 559 750 530 740 520
Orange 744 517 756 525 776 491 763 481

Orange 594 431 582 437 607 470 618 464
Orange 620 464 620 479 663 480 663 467
Orange 666 465 674 477 708 449 698 436

Orange 159 733 192 758 184 769 153 741
Orange 185 773 197 766 214 807 198 813
Orange 194 800 197 813 158 826 154 816

Orange 493 377 504 391 465 417 460 402
Orange 458 403 464 419 425 439 420 427
Orange 418 427 422 439 381 455 376 439

Orange 178 394 187 406 224 384  217 373
Orange 225 370 226 383 268 383 268 368

Orange 309 251 294 255 278 215 290 211
Orange 290 208 278 212 260 173 275 168
Orange 259 172 272 165 255 126 243 130
Orange 242 129 256 123 238 82 224 88


Green 1226 418 1226 430 1270 431 1270 417
Green 1270 433 1268 476 1254 476 1253 434

Green 904 102 888 101 882 141 894 145
Green 894 147 882 152 899 192 912 185
Green 913 187 906 200 942 222 950 211
Green 953 213 946 224 982 247 989 235

Green 801 644 816 644 813 689 800 686
Green 800 688 813 690 813 734 798 732
Green 798 735 810 737 810 780 794 778
Green 814 767 856 769 855 781 812 780

Green 646 316 658 313 669 353 658 359
Green 658 363 669 357 691 393 677 399
Green 680 405 692 396 720 428 708 439

Green 508 515 511 506 542 522 536 531
Green 546 536 550 528 584 545 579 554

